0.20894785407413852,0.9266245040481254,9.631348305258408,65.23203520272135,3.9069514673351266e-9
-1.080091725972104,1.0698396972369368,0.191891129715083,0.3039376696663856,2.9151049735173244
-0.9635681734556898,0.9767871717950921,0.2116863034188876,0.08761085381153177,3.0446682649726005
-0.9850249672850321,0.9792499508496737,0.2040279597697925,0.22161617411954174,2.9920956128048006
-1.0246939089543965,1.014000557694267,0.20106397819998145,0.16658195205666218,2.979818639218279
-0.986051089868201,1.007907041961809,0.1975886557903961,0.16681117842868087,3.0292735631739705
-1.0339908045743487,1.0239129682591392,0.19467843832372628,0.2206986013203034,2.977933767563587
-1.0453341556012876,1.0481868018058256,0.18078883400301154,0.26762598574092505,2.944732729171854
-0.9918072710279879,0.985392214541783,0.2145486682395011,0.16059169919656993,2.990239433095372
-0.976229133060545,0.973966762127713,0.20860239098412597,0.116647089580262,3.0252169425831363
-0.9966625657738141,0.9370536393799321,0.2021993073781794,0.10479651142571564,3.0220144967526634
-0.9920328924021784,1.0196476167978485,0.19774481015209017,0.18797392233599497,3.0115871743307845
0.18794116474357503,0.9951569411267424,7.216281379185623,65.52159978396737,1.1014272032870765e-9
-0.997426892346154,1.0200056066418264,0.19284118965580382,0.16770741532536115,3.024168084634238
0.19256184988520303,1.0239042746789822,7.648701947185272,65.4699189446654,1.4239281451545247e-8
-0.9921203187262271,0.9881413733821084,0.2059083194863655,0.21263150595861255,3.012559143157717
-1.0141647717596582,0.9982167405263247,0.18605045714598514,0.22328062372778051,3.0024255788431327
-1.0182678190459815,1.026700599151048,0.19721858883453824,0.2606672193416805,2.957449744655805
-1.0061241050756828,0.9935315653481398,0.2027896348139119,0.18331216558002314,3.006022217211223
-1.0265854624218351,1.0531477566864063,0.20109803322686237,0.16041414529871167,2.9911183708971385
-0.9951938573314141,0.96973653901225,0.20463423953894602,0.1356386674394686,3.021267202175585
-0.9338967400836485,0.9334195672788356,0.2130284778576593,0.22240770241843627,3.0171782775833504
-0.9912181888203794,1.0274600456242342,0.2059891874094452,0.25203170287469434,2.9733963384402573
-1.0386158435572994,1.0093132477265747,0.2002575643078869,0.17010425719787295,2.9853240931408935
-0.9564569747705354,0.9879098451265755,0.19799236136981158,0.20131954879018926,3.0410585325846
-1.0553064599227184,0.9964714612747767,0.209937886368348,0.20388338512015253,2.940506763827383
-0.9890606526177382,0.9848795361423197,0.20914576985933286,0.20817456935799236,3.00870201459537
-1.0820562449439797,1.0653494430782593,0.18049262893893972,0.19074215152108875,2.968634570756562
-0.9260898450243736,0.9278513053151036,0.2048687718611477,0.12748083701175514,3.0843954891435685
-1.001494606767262,1.0038596551298007,0.20232863149310618,0.16840414005419546,2.984825593291666
-0.9605751496045122,0.9621402804736142,0.22067331936674917,0.16600456821338333,2.981435650697145
-0.9932154902931085,1.0025085537395624,0.20365751574419366,0.22322961192014915,2.9896383880828274
-0.9856832957566339,0.9893439270032618,0.2062093616424203,0.17532988532819802,2.9891882983085654
-0.9940051795570904,0.9833440446588713,0.20335553918875385,0.1650800321878803,3.0077706115721616
-1.0691116815370227,1.0686084156202085,0.19250489412867625,0.17493381612538014,2.965768671132569
-0.9775117014306017,0.9812658086749037,0.21014478883908572,0.14041197726960183,3.024755264843579
-1.0472147766291924,1.021132877577939,0.20186752146828132,0.21153950019959875,2.9657881318292283
-0.9547240732250988,0.9763001437966804,0.21090836324613463,0.21393933167960172,3.0086754635322484
-1.0136713419753263,1.000728573111295,0.19192510031666116,0.1637121891259476,3.001411762691935
-1.0500781169941653,1.0345734591958413,0.18512338327641845,0.31274847091647245,2.9199964122098185
-1.1006372756699003,1.0324461175730777,0.16334748633937898,0.20716891665141568,2.975125360285842
-1.040386741754485,1.0540455976253944,0.19993397504937005,0.30379141355752254,2.92607710915632
-1.021714145810475,1.0153080260479295,0.21256896016090104,0.16611455963142763,2.972915958432101
-1.016236709639688,1.0254110418179538,0.19636766156957602,0.20271535094128476,3.0000647723991256
-0.9879957612199901,0.9605821243311055,0.19659242752050002,0.12959693045084197,3.0433836221515804
-0.9856980170537132,0.9930958732911064,0.20525642378603506,0.17680461237792355,3.0048501541898442
-1.0330761078633552,1.0141942796679475,0.18819780083231524,0.1994660129274175,2.981681948025484
-0.9715602617629658,0.967232466037079,0.2206225380110994,0.19593174323515367,2.9946806914672583
0.22191274498815267,1.0569304102317503,7.015245337113158,65.48132760400262,4.711110129053447e-9
-0.9597038297414339,1.005253166778726,0.2091505128918649,0.25830646043434197,2.9771642448569002
-1.0111668167516188,1.0298352961533452,0.19591456948789676,0.2552316190280478,2.9706917884282293
-0.9171382236281669,0.958095455109275,0.217077587413059,0.18453078226954542,3.081396033987026
-0.9818559544946713,0.9610498090026126,0.2085285223796726,0.11917023930773989,3.0229367032805787
-1.0391724368104662,1.0417679037879248,0.2064794496302511,0.1882225384132027,2.950262600226576
-1.0104684447298213,1.009817576190252,0.22372324393809404,0.17616554136800355,2.9710597265794174
-0.9803197613184302,0.9982325097474024,0.2039502026581622,0.14453262860623056,3.0144344020701013
-0.966806554330991,0.9694563373534111,0.19924267895331843,0.20312485334630972,3.0333008186636565
-0.9501322185549629,0.9796674521847597,0.2005708248474431,0.17524371042740566,3.070889446987742
-0.9187428487701533,0.9386126472059043,0.22136261228235918,0.19656983922401222,3.05231776006395
-0.9773921638439647,0.9441871481888092,0.1931103338393174,0.21256669348288132,3.0140968795237155
-0.9946371415482309,1.0266607019793765,0.18232928457820877,0.22586053291587874,3.0118122766093305
-1.1158772477464787,1.0835259997183544,0.17144460721750365,0.27445017065274463,2.903642754546097
-0.9274855761407645,0.9495902112524822,0.19432442790846435,0.2586027841477933,3.0363012674712535
-0.9799890407664187,0.9960288848548279,0.20053363687641956,0.19228785924098094,3.0209660354634473
-1.0193497687344315,0.986088378465309,0.20013780667301484,0.17769615105931574,3.0039542205775285
-0.9723833203493033,0.9559216701015099,0.21254989042594583,0.17773849241574802,2.997018695357396
-0.9981794771683694,0.9805474517450063,0.21879516873752303,0.15959365594096875,2.9753529414822606
-1.0165319843866152,1.0124163157986288,0.18943056562060898,0.16766465729440486,2.996833078802975
-0.9759705323131468,0.9985488912007852,0.1965155008260598,0.2544333389337374,2.992802534656052
-1.0256419618340846,1.0548771626803801,0.1947734633226758,0.20875305273301836,2.9759530759147634
-0.9418655403268876,0.9631632276781023,0.2180664891284531,0.20021384475598278,3.0112541160714823
-0.8474383907775298,0.870937674041736,0.24092936920341126,0.12964349601026623,3.11486141736276
-1.0306978434408909,1.0184825377165267,0.18629951739076414,0.20768527331176256,3.0013223853909086
-0.9702677207315882,0.9586886370396881,0.2022857172750233,0.17209262565677466,3.0393646113747255
-0.943719035806023,0.9078988204927682,0.2038133204383621,0.1525372754660722,3.0744193738769483
-1.037611813803614,1.000572606782988,0.18200363343819173,0.21844707082692397,2.990075823737012
-0.9595606390616193,0.9969252667234059,0.20721183690563824,0.20797746334608327,3.023779082788737
0.21735250977678497,1.026617777929421,8.760013872562507,65.39175639793571,5.149837767300501e-9
-0.98927371781945,1.0013642682487311,0.1966581245958695,0.24866454614541553,2.999139005931121
-1.0604658902983333,1.030394508150497,0.19495456782479872,0.1790604060730443,2.956366971121471
-0.943401997795708,0.9424163139675098,0.20092301339783117,0.22331476580064713,3.051507840259687
-1.0137140500023387,0.998118344306486,0.2042947730644968,0.2419590273717785,2.950642459421197
-1.040099443725231,1.0221146564417445,0.17666460543013923,0.23824306121488467,2.9972577913606098
-1.0244737601288567,1.0478774485901807,0.2078632027576724,0.2869964170726755,2.934054317989659
-0.9697701833088289,0.9839749720003627,0.2150657899608922,0.11604858467680759,3.0157685941411776
-0.9840987844798342,1.0028679407224872,0.20578813180294217,0.2445311484868226,2.9899337563913
0.16751314343994747,1.0796060360507065,7.9613790994026825,65.53797203754202,2.3052194337150823e-8
-1.053954462270603,1.0622399479174103,0.1794321818588234,0.2257605293417602,2.9784904552777767
-1.0400281359261263,1.0216322566677762,0.1921063135730725,0.16294156376613192,2.991782026753943
-1.0095383458194302,1.0360017710703247,0.20492404233524358,0.2340542325131037,2.963933626327136
-0.9618547476580234,1.0229470430820986,0.21701856169825534,0.20998168532350886,2.9998167822065867
-1.0120021202231038,1.0078828220209415,0.1959459381709188,0.1917115901571705,2.9936993689418765
-0.9455848451210128,0.9704136648898141,0.2198859291420345,0.18669656408513813,3.021294371980645
-0.4630144129589497,1.2146607779619396,24.329975727687906,62.69151026358619,1.867106959835202
-0.9667257750049048,0.9851585655141158,0.20484615056613686,0.2514198669338251,2.994860601246629
-1.0486066679060437,1.0056216087394865,0.17660941961356627,0.23836568732029598,3.0069876752186224
-0.9808165703804088,1.0012615934693374,0.2151522322355964,0.22268598634255768,2.9807928941827146
-0.9934592930122323,0.9614134631416118,0.2039530912030078,0.1852521255919762,3.0058452262065396
-1.0504066099655924,1.015931139086729,0.1858062488919896,0.24523961392438012,2.955190700335589
-1.0658736196880985,1.0219363099955494,0.20090812390227708,0.141066008099661,2.9486394004465253
