2.08802400578152,0.9964380349206063,3.7842816032484565,0.9742718252874751
1.930381941720339,0.9401590338403919,4.220124817203533,1.0417583271175954
2.1815080675267824,1.019551402888527,3.3974137084447578,0.8459980432883492
2.531547273997526,1.2811786303744013,2.0298915342356247,0.42402735676646575
2.0501239570485783,1.0895768715583733,4.988169397131274,1.3436082116241832
1.6503040069746198,0.8355234015942803,5.525069464851708,1.364285902135028
1.9927921756066656,0.9479805856799408,3.9114358286011464,0.9791718316405464
1.9196264453643146,0.9864264008094958,3.329290011678638,0.797787171117807
1.8747594849704299,0.9558992357879003,4.7507945777962135,1.2107684346235978
1.9894843760846046,1.015378593334881,4.844746952183884,1.2056630613006882
2.0158611085565497,0.9931826484500518,4.215646209846074,1.029546593433532
2.131130251626053,1.2240202202555737,4.094071600510148,1.0348241615177929
1.8199614346171287,0.8784211374836884,5.222690237705668,1.3842986611635835
1.6406453413804927,0.8750597081833625,5.540819001409015,1.4286717732611658
1.725016716160892,0.9416838593929749,5.168228634227587,1.298946955118106
2.1611818076612126,1.0491601796770147,3.3239596291838214,0.8175830843663913
2.167771899504277,1.0904975165941027,3.778461254823976,0.9663398450658153
1.8591610691631926,1.024455048508828,5.090555129027379,1.2661530867790276
2.8047465922822457,1.3744246581795212,3.297780764704997,0.8979314220547717
2.4094065025543805,1.2856921203217566,3.6723403471284572,0.898301467482092
78.15127187928819,99.99925271263726,99.99985849744918,99.99694033920191
1.5469456686667455,0.7127455265565015,4.235387760517968,0.9772449220912524
1.6432911242184203,0.7517565716689212,5.247252721491575,1.2844208366643057
1.7014384187641671,0.8579323674747291,4.674332389977165,1.1415558249302984
3.713393633092164,74.49986617320873,55.148137482042664,55.72860756450243
2.1548710697725317,1.0711880682034036,3.6908982562067023,0.9432572735316982
1.9217511613873273,1.0339232494908777,4.150835466326736,1.0536427416098335
2.371968708480278,1.197320466061637,2.870022722810261,0.6888908776038404
1.7950578595825568,0.8686514621772153,4.8742956073356325,1.2039289179657928
2.598938118590378,1.2474287906158954,3.2139650120006165,0.7909341451109618
2.0788411470999932,1.2315014918673413,4.456667079419422,1.1572947483399065
1.8776866979665277,0.8612299114565857,4.306649098872126,1.0074930554617987
1.840752740674886,0.9500543210347331,5.263840124482266,1.3444067356602811
1.4694513237373812,0.6685608611402576,4.765786089133388,1.188191821654387
2.064634598318079,1.0763713948393958,4.140187824971818,1.1233606856264056
2.2802349686612446,1.0308712900061932,2.182611308352845,0.516799912995936
2.161737304472829,1.0258761871136413,4.3978290962392865,1.1426628665897933
2.251613449122361,1.0848739602181252,3.119561678144781,0.7370787303334976
2.0049415892001865,1.0115827543746447,3.797658091410843,0.9251840913747714
1.7177551845004646,0.9093395658288774,4.233829571354899,1.0209270868547058
2.016629062181872,0.9799684189292176,3.524497955550373,0.8601819944651034
1.998661238495852,0.9958841815572518,3.3377543666942437,0.8011002577085228
1.8849905209642281,0.9557293159795855,4.455534019536453,1.121362686904484
2.723430328024618,1.2424018658107798,3.5506517660591683,0.8929499257398176
1.8960947331259372,0.9539862013312481,3.989810457723511,0.9990088942681576
1.8464805805941065,0.9916589906947879,4.878029090574525,1.216393739336953
1.517211870429759,0.7839327704046324,6.201786941775332,1.6358965792410505
2.213050653972789,1.0867547549206065,3.7836111764753624,0.9411238450782445
1.8184710324396545,0.8982532714673918,4.656871995302293,1.1688289237766336
1.8993707209193842,1.0129492848011943,4.449088202794292,1.1033825577796836
1.63835513275986,0.8359062999475685,4.776647675928619,1.2039134737877362
2.190726216250878,1.0412004669213584,3.718168293370814,0.8955357261950875
1.6337001822659958,0.8924177443875444,4.798330547049185,1.2129108103219273
1.860844782634614,0.9467483516768258,4.329444523730101,1.0596784267159969
2.246044164936898,1.097786254727778,3.9531902433331756,0.9925501178298182
1.534473275860216,0.8070298225917213,5.873758961246415,1.5113436381294505
1.7191159989231435,0.8349107419633524,4.337433697364939,1.0309211807170777
3.262515087768564,1.4519750460545051,2.3751632345927756,0.5903504633121115
1.854483740429745,0.8331489677272732,3.3168489758351836,0.7599857894044163
99.99999987556939,50.5872266309698,18.76561184123853,4.830133700521558
2.612827212873473,1.2544292960375607,3.355200760282345,0.8471319323787248
2.697032820650786,1.3289427219863787,2.361884392126956,0.5629636162706523
1.8107774242588972,0.9903518125506756,3.4745373787651297,0.8107484199990888
2.0517613469179183,1.032488450556606,4.259191240290458,1.1023789594200153
2.1744346968904362,0.9891318711121986,3.2588173529288573,0.7832085143955307
1.9005041168450014,0.972536525853516,3.663834055099399,0.8596914028515138
2.1744876239412485,1.012256932048717,2.5284651828768734,0.588980712309449
1.734688323257799,0.9420258528368359,4.040711602691888,0.987358264589857
1.6732938444129815,0.8635075101391525,4.9523998456346465,1.238768233076813
2.1063139892041884,1.1347504369369397,3.764704086687393,0.9058262416976421
2.261262496155688,1.0569524235639682,2.6647646806912486,0.6254653636333278
1.615679526851588,0.8106771503292265,5.26495657544872,1.3470017516103143
2.0981544780932464,1.0679320490078137,3.509098877028216,0.8581766606516645
2.1944072845720832,1.0345187027365625,3.729279751188257,0.9689887628745856
1.6197331642204071,0.8602867343964962,5.395152658737136,1.2991828562680365
1.5597967391886551,0.751412908784555,5.17360143592404,1.238270989628319
1.688174680470583,0.7944292598739909,4.345738620121535,1.0479551658960304
2.3819948730968306,1.2175362973480721,4.127309576188786,1.0808483787093566
1.7686840605041525,0.8726302106929802,4.441393268344271,1.108642669939247
1.7490542858593652,0.8566260305341992,4.2230424063571075,1.071991596584245
1.6120747571997902,0.7679645980299508,4.945162484166428,1.2478499612717622
2.1298499140472114,1.1642729407224859,4.358078386474037,1.1335780506651851
1.9704883636226154,0.9682746823347724,4.692328787521288,1.252154257881068
2.539120006639217,1.157419722939399,2.996538757292258,0.7403180207917169
1.885615797691809,0.9720476332460644,4.947467809589573,1.3334938851292615
2.456231341280812,1.199557503776661,3.671237955519779,0.9656512942504034
1.8061247102376121,0.8350781354802381,4.594627072242496,1.1855420369118794
1.7162029963430867,0.8773332848662442,5.611499700583111,1.419644165269899
1.7209821020495322,0.8570807730006026,5.009621422611009,1.3254193260899456
2.6034460497200995,1.360959743346211,3.717308293630096,0.9608029716466927
1.6112576778967092,0.8020749014838319,4.4643710028252155,1.0223990779980727
2.0013810584146596,0.9757249325877777,4.758271141832044,1.2020967506736697
2.208987312435474,1.165093617495114,4.197683943895344,1.0877621201115941
1.7665963864746954,0.8359372157199888,3.067577951907877,0.7066520448743506
2.496795848468343,1.2440244142928893,3.199382962778135,0.8149329912092842
1.9711730652539812,0.985352048700109,4.54098504511849,1.2208454140095113
1.9970449069462346,1.04914934814642,4.180361052530697,1.0334754247598514
2.1984420489906418,1.0748498362984902,4.2726522161419025,1.106364309531826
1.6742663796673318,0.8612239771639271,4.744433932855943,1.2252106617354985
1.6164628982006048,0.7882969078291404,4.836127947069175,1.1968194407403898
