1.9237881896565652,0.9636490376080072,4.174585246090567,1.0382729538737396
1.9272056421051464,0.9748685271870876,4.280080770861157,1.0783203216371433
2.0084089546334933,1.0232900176661028,4.022650961223003,1.0068143467983428
1.990243253414999,1.017970431956142,4.1967886808474555,1.0572855712533906
1.9216841041401322,0.9683859871925987,4.236544427612096,1.0637118045503395
2.0081898585519617,1.004292845269248,4.0933923841430415,1.0216080840804767
1.9235185425076193,0.9654614430142879,4.196857919713159,1.0604293835537808
1.9945428209866527,1.0069010956582578,3.9792384271779038,0.9985830080464946
1.948504426064948,0.9837416644016749,4.071394867658282,1.019826499330106
98.91809398222654,51.00312484674455,19.00648636699497,4.859232888621652
1.9776685255992272,0.980196804924256,3.913779050457405,0.9772150540309729
2.1092635296060225,1.0442705980698264,3.8129777849876194,0.9495933809266947
2.1707572988445945,1.0738137348746417,3.790906642095737,0.9512721832659955
1.956851666991976,0.9947972046679588,4.198938334191193,1.0603475891522605
1.9055608730542468,0.9487005356162421,4.141482298662451,1.0357896290451012
1.9508345062684016,0.9773692256953707,3.921459021357099,0.9641473011689287
2.055918431153298,1.01793298675915,3.8912707122596526,0.970945447794781
1.9404881079228797,0.9538303575714125,3.9589007087027297,0.9854819479450735
2.0647908588748796,1.031601256751939,3.7337449567278447,0.9256405920643247
1.8594303791490538,0.9328226559371832,4.237491379092843,1.0571830912037137
1.9504049248504993,0.9667062094223017,4.012168429198283,1.0000817301197984
1.9269348433256734,0.9708337847558283,4.230989413284795,1.0641816077524375
1.98314314511013,0.9724181163352424,3.87407992944865,0.9528428800014138
1.9883307409216397,1.0067873291838834,4.108586849593669,1.0370020757512057
1.9283452801277747,0.9654276756865845,4.250401908110306,1.0756693605206238
1.9460634304467703,0.9687805006164925,4.20094985564476,1.052254624771123
2.0601537701480495,1.0053077118962988,3.951843703006777,0.9873313461158941
1.9796545808765045,0.9985710637539674,3.9347343442074965,0.9739606655262043
1.9638273537293864,0.9974612278171893,3.9728795855250367,0.9863131046079904
2.042190577815305,1.009799192982055,3.773121446295226,0.9509092061765121
2.0345721202711577,1.0240085824004765,3.8883492054686233,0.9666078215421632
1.9774335443881321,1.0013963655273173,4.222867151153331,1.0620747094573544
2.1207570955613995,1.0648898436274943,3.9497814974397585,1.0014352768973793
1.9419554208395082,0.9860547421202049,4.047230657155922,1.0085341164518802
1.9480612177803334,0.9836603370650451,4.1562311848589735,1.0514048372931688
1.8725688664737605,0.9191309694939289,4.330309692578518,1.0949831788936553
1.977814923904101,0.9949280895691675,4.14704992656684,1.0423985495786074
1.9717261653392841,0.983384773650174,4.004272137224263,1.0039752894545684
1.885917038685221,0.9415818386878144,4.151749893313271,1.0306718095386485
1.8880673703362485,0.9433752162630994,4.256623608290799,1.0680535537836933
2.098237226906646,1.0336532515643537,3.8922084415386182,0.9740892796026948
1.9922429923956044,0.9962468803469213,3.994070018078043,0.994979229042153
1.9432435418834448,0.9937123380478127,4.145892574357379,1.0477321902202827
1.9341940911693967,0.9769142405547233,3.954823723176687,0.9856775641108617
1.9354363113578759,0.9865568933461288,4.127256849592775,1.0338943120864843
2.087796637271018,1.0587030267936965,3.8636533543325866,0.9758604484656253
1.994850245944472,0.9882703562312529,4.05471777381681,1.013256426531086
1.8986833302212558,0.9545176185126018,4.253510371078811,1.0631715434076188
2.0491396862580964,1.0267712313903585,3.9179423053827263,0.9815045947237553
1.9819774870720155,0.9826794843521808,3.8901227492196258,0.9586239389014678
1.824821340583065,0.9241141075417243,4.391610892224048,1.0973774888315035
2.0332008285842846,1.0216669643404597,4.036884363127819,1.0208001355545369
2.0844296082024374,1.0309965176583415,3.8598942008870565,0.9661922966009497
1.893426618593284,0.9628470032080902,4.311365652761991,1.0842019226443211
2.044307940959241,1.0195216347101737,3.882042482742272,0.9734847359414472
2.07629259427711,1.0208566198428932,3.949622579980482,0.9895585943036311
2.0485891783883194,1.0228857409459453,3.8833364232809573,0.9741992623466551
1.9153390858336514,0.9872493343123118,4.264863250562184,1.0730439963712322
2.039291516843104,1.038230325933438,3.8743569575991503,0.9656555785105151
2.0322807649221053,1.03172191992407,4.036429590062384,1.0080848532265798
99.99989103225363,50.3389416007984,18.752475725386624,4.846025591678859
1.9454869205211902,0.974717561889794,4.2091497565516685,1.0602350873397464
2.0196246745243083,1.0039907537611457,4.201919749673001,1.067733591646893
2.039968276995302,1.0168841127572947,3.7990484038565953,0.9451817855405785
2.041117935540635,1.0164396742783521,4.107113888289849,1.0378573839512877
1.8942745521502649,0.9608020382916864,4.358171442361997,1.0941866164887568
2.1748418124283533,1.0758322469054349,3.670686144608117,0.9138790750929264
1.9686428493155717,0.9880986462091319,4.14712424963004,1.0338894969686039
2.050665649356637,1.0358769077491707,3.9068780163293972,0.9769707928219546
2.0088105902204934,0.9939037569180377,4.127659271210857,1.043258916420694
1.9574260018389062,0.9763830197440759,4.005100666327816,0.9924185314367814
1.9589354925512554,0.9858288860819563,4.034528901677518,1.0121506486270653
1.940600679006718,0.9662495428312927,4.189948062148824,1.0577419882519215
1.9334866217898539,0.9658578951012565,3.947027350027216,0.9606761015782792
1.9757791157951055,1.0067387133867474,4.003828463519191,1.0005692945038818
1.9896684033463445,1.0004884657200872,3.986225762518983,0.9977609578980531
2.0584447542569086,1.019293392414745,3.884085075265978,0.968353298921838
2.0768657126099694,1.0300065093139534,3.840684868594203,0.9694002680631114
2.0034932425925027,0.9981526113226465,3.949503604551441,0.979968180464916
1.980216016293109,1.004429849822327,4.204638083516801,1.063609015642316
1.9184284513855145,0.9397810918137868,4.215806310046573,1.0635538867556247
1.9902631249943914,0.995756777503375,4.098175679342793,1.0396128321951132
1.978702174713586,0.9975094253873947,4.028745694234789,1.0173017677906668
1.9493339433892976,0.953675136438754,4.045062519906466,1.007104469512086
1.937396419025879,0.9594436144796519,4.198013004151769,1.050954817023297
2.1078747578477093,1.046773333576204,3.7588260139646357,0.9380622979077863
46.9427940455781,24.03276600501292,13.659258986546126,3.537846785898817
1.9885221291805135,1.0072030519769903,4.021090942844189,1.010773800554663
2.1240241495188155,1.0483896334548257,3.867874224715382,0.9721186830094742
5.7353019922280914,2.9765818153724117,8.10877442542299,2.1184752960971553
2.036142872007312,1.0292648940880855,4.201838650214725,1.064800912718308
2.0814427956463395,1.0331976847881812,3.8134381017470846,0.9487618589115363
1.8819490386116844,0.9349007173905748,4.151169511075573,1.0331893163812849
1.927857007549566,0.9475663480534383,4.168708768612413,1.0434202187392405
1.9717219035846083,0.9830361534929826,3.9627403416205564,0.9815315450341973
1.9511275153374354,0.981247704799135,4.1850561833461395,1.0470481834515466
2.040526566806776,1.0049982515206652,3.908953999964693,0.97598876489459
1.9556616008929784,0.9863122390495553,4.167262511168994,1.052051291126023
99.83860353731522,50.93302589016515,16.345857944392463,4.222936452495443
1.989067649905538,0.9916511933406019,4.1049010319932995,1.0253493007872712
